1.000000000000000056e-01 3.933400405066610972e+01
1.016281519039399089e-01 3.912985455550411018e+01
1.032828125941028796e-01 3.892384373914573104e+01
1.049644136737964556e-01 3.871597607620169157e+01
1.066733937734857668e-01 3.850625674326580850e+01
1.084101986652060839e-01 3.829469163545399368e+01
1.101752813788387103e-01 3.808128737873309433e+01
1.119691023202794289e-01 3.786605134575841447e+01
1.137921293915315074e-01 3.764899166795998298e+01
1.156448381127535008e-01 3.743011725280528168e+01
1.175277117462945192e-01 3.720943779227668813e+01
1.194412414227488534e-01 3.698696378206010849e+01
1.213859262690628049e-01 3.676270652949560969e+01
1.233622735387276820e-01 3.653667816945117863e+01
1.253707987440920435e-01 3.630889167540242823e+01
1.274120257908286369e-01 3.607936087157272453e+01
1.294864871145904595e-01 3.584810044645279703e+01
1.315947238198915958e-01 3.561512596013905352e+01
1.337372858212496352e-01 3.538045385837931178e+01
1.359147319866258752e-01 3.514410148300792969e+01
1.381276302832009917e-01 3.490608708005446204e+01
1.403765579255240037e-01 3.466642980898447490e+01
1.426621015260737535e-01 3.442514975377055464e+01
1.449848572482712317e-01 3.418226792882285991e+01
1.473454309619835201e-01 3.393780628785027176e+01
1.497444384015595431e-01 3.369178773008221839e+01
1.521825053264387051e-01 3.344423610724304297e+01
1.546602676843745749e-01 3.319517622809700441e+01
1.571783717773162781e-01 3.294463386515411685e+01
1.597374744299904503e-01 3.269263575652244214e+01
1.623382431612278576e-01 3.243920961079665943e+01
1.649813563580800335e-01 3.218438410904298053e+01
1.676675034527700114e-01 3.192818890661218845e+01
1.703973851025248065e-01 3.167065463363916678e+01
1.731717133723354174e-01 3.141181289550685563e+01
1.759912119206924475e-01 3.115169627137540331e+01
1.788566161883461958e-01 3.089033831234214134e+01
1.817686735901392348e-01 3.062777353802757219e+01
1.847281437099634049e-01 3.036403743397928778e+01
1.877357984988900774e-01 3.009916644525034357e+01
1.907924224765266130e-01 2.983319797054318556e+01
1.938988129356512546e-01 2.956617035624125478e+01
1.970557801501799378e-01 2.929812288677446830e+01
2.002641475865187815e-01 2.902909577654533990e+01
2.035247521183577157e-01 2.875913015824567154e+01
2.068384442449618110e-01 2.848826807272446970e+01
2.102060883130158486e-01 2.821655245487118790e+01
2.136285627420818067e-01 2.794402712070935735e+01
2.171067602537265495e-01 2.767073675078906447e+01
2.206415881043798932e-01 2.739672687630358539e+01
2.242339683219846114e-01 2.712204385925418748e+01
2.278848379464990248e-01 2.684673487421338223e+01
2.315951492743153761e-01 2.657084788982590950e+01
2.353658701066576320e-01 2.629443164502147923e+01
2.391979840020239667e-01 2.601753562896674055e+01
2.430924905327388197e-01 2.574021005594831024e+01
2.470504055456825554e-01 2.546250584095115954e+01
2.510727614272659225e-01 2.518447457335579287e+01
2.551606073727185064e-01 2.490616848989175125e+01
2.593150096597620635e-01 2.462764044582862155e+01
2.635370519267394296e-01 2.434894388532125475e+01
2.678278354552717788e-01 2.407013281067806432e+01
2.721884794575178956e-01 2.379126175029447765e+01
2.766201213681106497e-01 2.351238572490096246e+01
2.811239171408463910e-01 2.323356021417014361e+01
2.857010415502055367e-01 2.295484112081884831e+01
2.903526884977814526e-01 2.267628473442300674e+01
2.950800713236989004e-01 2.239794769394615059e+01
2.998844231231029278e-01 2.211988694896517771e+01
3.047669970678009710e-01 2.184215972100583514e+01
3.097290667331408232e-01 2.156482346283900853e+01
3.147719264302118458e-01 2.128793581741336993e+01
3.198968915434537985e-01 2.101155457627076473e+01
3.251052988737631044e-01 2.073573763605575238e+01
3.303985069871858138e-01 2.046054295619772390e+01
3.357778965692868045e-01 2.018602851397546516e+01
3.412448707852890339e-01 1.991225226018564243e+01
3.468008556460770997e-01 1.963927207421640730e+01
3.524473003801585902e-01 1.936714571777912397e+01
3.581856778116830342e-01 1.909593078940710242e+01
3.640174847446140394e-01 1.882568467741683094e+01
3.699442423531576485e-01 1.855646451363351801e+01
3.759674965785467782e-01 1.828832712626898527e+01
3.820888185322856012e-01 1.802132899277612665e+01
3.883098049059606205e-01 1.775552619282618494e+01
3.946320783877223515e-01 1.749097436099912883e+01
4.010572880855498012e-01 1.722772863941693444e+01
4.075871099574044365e-01 1.696584363152945230e+01
4.142232472483896033e-01 1.670537335498244147e+01
4.209674309350260879e-01 1.644637119490771582e+01
4.278214201767616132e-01 1.618888985868989039e+01
4.347870027748324540e-01 1.593298132954930324e+01
4.418659956385941334e-01 1.567869682221764549e+01
4.490602452594470440e-01 1.542608673819065856e+01
4.563716281924760088e-01 1.517520062240793521e+01
4.638020515459334581e-01 1.492608711993105430e+01
4.713534534786909536e-01 1.467879393420082934e+01
4.790278037057907889e-01 1.443336778601727666e+01
4.868271040122282844e-01 1.418985437307691910e+01
4.947533887750988901e-01 1.394829833153214160e+01
5.028087254942480433e-01 1.370874319755709614e+01
5.109952153315585610e-01 1.347123137118223646e+01
5.193149936590213400e-01 1.323580408085710403e+01
5.277702306157261436e-01 1.300250134934125157e+01
5.363631316739242427e-01 1.277136196135735879e+01
5.450959382143050203e-01 1.254242343248777836e+01
5.539709281106403038e-01 1.231572197970590921e+01
5.629904163239474180e-01 1.209129249344890233e+01
5.721567555063250543e-01 1.186916851131398509e+01
5.814723366146222761e-01 1.164938219373604689e+01
5.909395895340970872e-01 1.143196430081929904e+01
6.005609837122313222e-01 1.121694417165820568e+01
6.103390288028622823e-01 1.100434970515725475e+01
6.202762753208044266e-01 1.079420734234997248e+01
6.303753153071278703e-01 1.058654205136888926e+01
6.406387830052679977e-01 1.038137731366681393e+01
6.510693555481459338e-01 1.017873511248672891e+01
6.616697536564724036e-01 9.978635923319208345e+00
6.724427423484249378e-01 9.781098706046833513e+00
6.833911316608766162e-01 9.586140899362950663e+00
6.945177773823696388e-01 9.393778417058001651e+00
7.058255817980220170e-01 9.204025646142927286e+00
7.173174944465614544e-01 9.016895447160072408e+00
7.289965128896873647e-01 8.832399156292263243e+00
7.408656834939564284e-01 8.650546589578485879e+00
7.529281022254008526e-01 8.471346048786941196e+00
7.651869154570823950e-01 8.294804329530494513e+00
7.776453207897960906e-01 8.120926730947338967e+00
7.903065678861348475e-01 7.949717067466489873e+00
8.031739593181350667e-01 7.781177682194424072e+00
8.162508514287230010e-01 7.615309462228162296e+00
8.295406552071855621e-01 7.452111855595089374e+00
8.430468371788971682e-01 7.291582889869236972e+00
8.567729203095305612e-01 7.133719192496204897e+00
8.707224849239919573e-01 6.978516012657044243e+00
8.848991696403147866e-01 6.825967244637768161e+00
8.993066723187622680e-01 6.676065452616033014e+00
9.139487510263788472e-01 6.528801896996867526e+00
9.288292250172499598e-01 6.384166561854689448e+00
9.439519757287188062e-01 6.242148183961463204e+00
9.593209477938243745e-01 6.102734282684018297e+00
9.749401500702241652e-01 5.965911191179324113e+00
9.908136566858670724e-01 5.831664088689417547e+00
1.006945608101694756e+00 5.699977033689382466e+00
1.023340212191642173e+00 5.570832998002710035e+00
1.040001745340223271e+00 5.444213901862057448e+00
1.056934553557988377e+00 5.320100649441049434e+00
1.074143053615141508e+00 5.198473165413553865e+00
1.091631734193614811e+00 5.079310431807143367e+00
1.109405157057900881e+00 4.962590525628541194e+00
1.127467958244946722e+00 4.848290656731339077e+00
1.145824849273424206e+00 4.736387206222966384e+00
1.164480618372686127e+00 4.626855765028715872e+00
1.183440131731732237e+00 4.519671172800148184e+00
1.202708334768511911e+00 4.414807556863058480e+00
1.222290253419889616e+00 4.312238371294804473e+00
1.242190995452617353e+00 4.211936436016793017e+00
1.262415751795649355e+00 4.113873975770121483e+00
1.282969797894148112e+00 4.018022658997566943e+00
1.303858495085535862e+00 3.924353636515612642e+00
1.325087291997953276e+00 3.832837579885558732e+00
1.346661725971483703e+00 3.743444719522678987e+00
1.368587424502518468e+00 3.656144882378174366e+00
1.390870106711639131e+00 3.570907529164564664e+00
1.413515584835395744e+00 3.487701791127386652e+00
1.436529765742380560e+00 3.406496506234532706e+00
1.459918652473978673e+00 3.327260254766138736e+00
1.483688345810208364e+00 3.249961394292594896e+00
1.507845045861051725e+00 3.174568093929893475e+00
1.532395053683702102e+00 3.101048367885322232e+00
1.557344772926134269e+00 3.029370108221478120e+00
1.582700711497439849e+00 2.959501116823312294e+00
1.608469483265356770e+00 2.891409136569910387e+00
1.634657809781434157e+00 2.825061881567610733e+00
1.661272522034292987e+00 2.760427066565066312e+00
1.688320562231424793e+00 2.697472435412251457e+00
1.715808985610004722e+00 2.636165788621236850e+00
1.743744962277187005e+00 2.576475009940616623e+00
1.772135779080359352e+00 2.518368091993916202e+00
1.800988841507856542e+00 2.461813160931189515e+00
1.830311675620612144e+00 2.406778500091159234e+00
1.860111930015264425e+00 2.353232572664738065e+00
1.890397377819221347e+00 2.301144043384443449e+00
1.921175918718215359e+00 2.250481799181025089e+00
1.952455581016860897e+00 2.201214968858450582e+00
1.984244523732767940e+00 2.153312941778452227e+00
2.016551038724747613e+00 2.106745385526846093e+00
2.049383552855664536e+00 2.061482262616796124e+00
2.082750630190515206e+00 2.017493846208771480e+00
2.116660974230282655e+00 1.974750734856322687e+00
2.151123430182167340e+00 1.933223866297054228e+00
2.186146987266775810e+00 1.892884530307603397e+00
2.221740781062884640e+00 1.853704380632463122e+00
2.257914095890369399e+00 1.815655445996860129e+00
2.294676367231936354e+00 1.778710140234052384e+00
2.332037184194283075e+00 1.742841271530984004e+00
2.370006292009329218e+00 1.708022050835960703e+00
2.408593594576174723e+00 1.674226099421843195e+00
2.447809157044441353e+00 1.641427455644567379e+00
2.487663208439677476e+00 1.609600580919863466e+00
2.528166144331500664e+00 1.578720364930029652e+00
2.569328529545197970e+00 1.548762130098635170e+00
2.611161100917459343e+00 1.519701635343369661e+00
2.653674770096985380e+00 1.491515079150956158e+00
2.696880626390694147e+00 1.464179101981759601e+00
2.740789939656260721e+00 1.437670788033220459e+00
2.785414163241767493e+00 1.411967666400208765e+00
2.830764936973200196e+00 1.387047711642608760e+00
2.876854090190594349e+00 1.362889343794521313e+00
2.923693644833605720e+00 1.339471427839244777e+00
2.971295818577333936e+00 1.316773272672705053e+00
3.019673028019187910e+00 1.294774629586886050e+00
3.068837891917642224e+00 1.273455690292708997e+00
3.118803234483730424e+00 1.252797084509298831e+00
3.169582088726116798e+00 1.232779877144750458e+00
3.221187699850649455e+00 1.213385565091146701e+00
3.273633528715246044e+00 1.194596073662798741e+00
3.326933255341038453e+00 1.176393752688962513e+00
3.381100782480685574e+00 1.158761372298350967e+00
3.436150239244772031e+00 1.141682118407132851e+00
3.492095984787271234e+00 1.125139587937591390e+00
3.548952612050994659e+00 1.109117783783704958e+00
3.606734951574029679e+00 1.093601109551520789e+00
3.665458075358148715e+00 1.078574364083613402e+00
3.725137300800211548e+00 1.064022735799753816e+00
3.785788194687565777e+00 1.049931796857724642e+00
3.847426577258503677e+00 1.036287497165998106e+00
3.910068526328830174e+00 1.023076158255196155e+00
3.973730381485608198e+00 1.010284467031527633e+00
4.038428748349204511e+00 9.978994694225492568e-01
4.104180502904709371e+00 9.859085639352422881e-01
4.171002795903884675e+00 9.742994951382802915e-01
4.238913057338780987e+00 9.630603470822109990e-01
4.307929000988199419e+00 9.521795366723901921e-01
4.378068629038168957e+00 9.416458070057169838e-01
4.449350236777649847e+00 9.314482206829034494e-01
4.521792417370702033e+00 9.215761531081551050e-01
4.595414066706333678e+00 9.120192857889671822e-01
4.670234388327335395e+00 9.027675996398112357e-01
4.746272898439343635e+00 8.938113683067665516e-01
4.823549431001467269e+00 8.851411515168562394e-01
4.902084142899802544e+00 8.767477884618203321e-01
4.981897519205162439e+00 8.686223912234664057e-01
5.063010378516436205e+00 8.607563382497945836e-01
5.145443878390927317e+00 8.531412678862995147e-01
5.229219520863111370e+00 8.457690719682706693e-01
5.314359158053241217e+00 8.386318894831252813e-01
5.400884997867290593e+00 8.317221003035312199e-01
5.488819609789671539e+00 8.250323190001794815e-01
5.578185930770288792e+00 8.185553887344361179e-01
5.669007271207436638e+00 8.122843752395613182e-01
5.761307321028092510e+00 8.062125608889439965e-01
5.855110155867240707e+00 8.003334388588645432e-01
5.950440243347772551e+00 7.946407073859441672e-01
6.047322449462648741e+00 7.891282641217125526e-01
6.145782045060960819e+00 7.837902005888436330e-01
6.245844712439617474e+00 7.786207967378754313e-01
6.347536552042333469e+00 7.736145156076387197e-01
6.450884089267693078e+00 7.687659980905924284e-01
6.555914281388064424e+00 7.640700578030913404e-01
6.662654524581152593e+00 7.595216760625278507e-01
6.771132661076059378e+00 7.551159969709320130e-01
6.881376986415666863e+00 7.508483226058106919e-01
6.993416256837279299e+00 7.467141083177561978e-01
7.107279696773418642e+00 7.427089581360000192e-01
7.222997006474770387e+00 7.388286202799496660e-01
7.340598369757211472e+00 7.350689827771887952e-01
7.460114461874995939e+00 7.314260691878291532e-01
7.581576457522114509e+00 7.278960344329860055e-01
7.705016038963920622e+00 7.244751607282099437e-01
7.830465404301186538e+00 7.211598536197438847e-01
7.957957275868672298e+00 7.179466381227972427e-01
8.087524908770456378e+00 7.148321549611075243e-01
8.219202099554218321e+00 7.118131569054780838e-01
8.353023195026779035e+00 7.088865052114282639e-01
8.489023101213149403e+00 7.060491661529495477e-01
8.627237292461449769e+00 7.032982076520899462e-01
8.767701820696080617e+00 7.006307960019604320e-01
8.910453324821517640e+00 6.980441926826350674e-01
9.055529040279276742e+00 6.955357512664669395e-01
9.202966808760415063e+00 6.931029144134702724e-01
9.352805088076205919e+00 6.907432109532092301e-01
9.505082962189511875e+00 6.884542530520180170e-01
9.659840151409468945e+00 6.862337334645114417e-01
9.817117022752192668e+00 6.840794228663540366e-01
9.976954600470142154e+00 6.819891672674225358e-01
1.013939457675291678e+01 6.799608855033513199e-01
1.030447932260230459e+01 6.779925668035136077e-01
1.047225189888435359e+01 6.760822684337041144e-01
1.064275606756141812e+01 6.742281134118346397e-01
1.081603630310710429e+01 6.724282882948846574e-01
1.099213780410696906e+01 6.706810410350608764e-01
1.117110650504824143e+01 6.689846789037061647e-01
1.135298908830134579e+01 6.673375664811882491e-01
1.153783299629660775e+01 6.657381237106076988e-01
1.172568644389922454e+01 6.641848240146595028e-01
1.191659843098558724e+01 6.626761924724323682e-01
1.211061875522455900e+01 6.612108040559484534e-01
1.230779802506665810e+01 6.597872819238987940e-01
1.250818767294485312e+01 6.584042957715374733e-01
1.271183996869028832e+01 6.570605602341590412e-01
1.291880803316630733e+01 6.557548333443634636e-01
1.312914585212465290e+01 6.544859150394126690e-01
1.334290829028707570e+01 6.532526457190340752e-01
1.356015110565633286e+01 6.520539048512645763e-01
1.378093096406021267e+01 6.508886096246524477e-01
1.400530545393219661e+01 6.497557136465790251e-01
1.423333310133300067e+01 6.486542056845965298e-01
1.446507338521647057e+01 6.475831084514740432e-01
1.470058675294417050e+01 6.465414774306339485e-01
1.493993463605257688e+01 6.455283997420021569e-01
1.518317946627685266e+01 6.445429930467451163e-01
1.543038469183564487e+01 6.435844044892634619e-01
1.568161479398102820e+01 6.426518096754967324e-01
1.593693530381774437e+01 6.417444116868795678e-01
1.619641281939653510e+01 6.408614401276863104e-01
1.646011502308551400e+01 6.400021502056416622e-01
1.672811069922457250e+01 6.391658218447469064e-01
1.700046975206718258e+01 6.383517588278556643e-01
1.727726322401418102e+01 6.375592879703856353e-01
1.755856331414468841e+01 6.367877583218251036e-01
1.784444339704844040e+01 6.360365403954281183e-01
1.813497804196495267e+01 6.353050254251850770e-01
1.843024303223430138e+01 6.345926246479175470e-01
1.873031538506436533e+01 6.338987686115720166e-01
1.903527337162024935e+01 6.332229065069938656e-01
1.934519653744046153e+01 6.325645055235278313e-01
1.966016572318570610e+01 6.319230502272247252e-01
1.998026308572550747e+01 6.312980419608331673e-01
2.030557211956794106e+01 6.306889982650796256e-01
2.063617767863858532e+01 6.300954523202434432e-01
2.097216599841377516e+01 6.295169524073347400e-01
2.131362471841437767e+01 6.289530613884762866e-01
2.166064290506585976e+01 6.284033562056466904e-01
2.201331107493032491e+01 6.278674273969531150e-01
2.237172121831700622e+01 6.273448786300357405e-01
2.273596682327717389e+01 6.268353262520899305e-01
2.310614289998949644e+01 6.263383988558210991e-01
2.348234600554276241e+01 6.258537368605540108e-01
2.386467426912177814e+01 6.253809921083046675e-01
2.425322741760352940e+01 6.249198274740223047e-01
2.464810680157012968e+01 6.244699164899837340e-01
2.504941542174502445e+01 6.240309429828532206e-01
2.545725795585999762e+01 6.236026007241358693e-01
2.587174078595923987e+01 6.231845930927596422e-01
2.629297202614822027e+01 6.227766327495999343e-01
2.672106155079435297e+01 6.223784413233796053e-01
2.715612102318655374e+01 6.219897491081279872e-01
2.759826392466180423e+01 6.216102947705655080e-01
2.804760558420556293e+01 6.212398250686286261e-01
2.850426320853434703e+01 6.208780945794065698e-01
2.896835591266815513e+01 6.205248654366442018e-01
2.944000475100033754e+01 6.201799070779907552e-01
2.991933274887376371e+01 6.198429960006139883e-01
3.040646493467068723e+01 6.195139155255423580e-01
3.090152837242533224e+01 6.191924555706698197e-01
3.140465219496752169e+01 6.188784124311534907e-01
3.191596763760560762e+01 6.185715885678044756e-01
3.243560807235811438e+01 6.182717924032666845e-01
3.296370904274271396e+01 6.179788381244715190e-01
3.350040829913132967e+01 6.176925454928230419e-01
3.404584583468129466e+01 6.174127396605851859e-01
3.460016392185112011e+01 6.171392509939669369e-01
3.516350714951105516e+01 6.168719149019225023e-01
3.573602246065788535e+01 6.166105716714246343e-01
3.631785919074346225e+01 6.163550663082147940e-01
3.690916910662778605e+01 6.161052483831626070e-01
3.751010644616576428e+01 6.158609718837809721e-01
3.812082795843888050e+01 6.156220950712677498e-01
3.874149294464187676e+01 6.153884803419923388e-01
3.937226329963479543e+01 6.151599940943494049e-01
4.001330355417205453e+01 6.149365065996590385e-01
4.066478091781858240e+01 6.147178918779405699e-01
4.132686532256501266e+01 6.145040275776555427e-01
4.199972946715305966e+01 6.142947948598556085e-01
4.268354886212215149e+01 6.140900782860789775e-01
4.337850187558989035e+01 6.138897657101508587e-01
4.408476977977793609e+01 6.136937481738993228e-01
4.480253679829489499e+01 6.135019198060835954e-01
4.553199015418973516e+01 6.133141777249707660e-01
4.627332011878693407e+01 6.131304219442735848e-01
4.702672006131714966e+01 6.129505552820950776e-01
4.779238649935599881e+01 6.127744832732395786e-01
4.857051915008356247e+01 6.126021140841088064e-01
4.936132098237916921e+01 6.124333584310219791e-01
5.016499826976369292e+01 6.122681295004950286e-01
5.098176064420424325e+01 6.121063428732194112e-01
5.181182115079496953e+01 6.119479164497312329e-01
5.265539630332755650e+01 6.117927703789117766e-01
5.351270614076731391e+01 6.116408269889240801e-01
5.438397428464801209e+01 6.114920107205178423e-01
5.526942799740167800e+01 6.113462480622365858e-01
5.616929824163809570e+01 6.112034674880596485e-01
5.708381974038898221e+01 6.110635993972814983e-01
5.801323103833378525e+01 6.109265760557334168e-01
5.895777456402150563e+01 6.107923315397153496e-01
5.991769669310618696e+01 6.106608016812901107e-01
6.089324781261196762e+01 6.105319240154788440e-01
6.188468238624388817e+01 6.104056377294292401e-01
6.289225902076265839e+01 6.102818836128079960e-01
6.391624053344005318e+01 6.101606040102458550e-01
6.495689402061204021e+01 6.100417427750242094e-01
6.601449092734890201e+01 6.099252452245830236e-01
6.708930711825880167e+01 6.098110580971755068e-01
6.818162294944478674e+01 6.096991295099223329e-01
6.929172334163334313e+01 6.095894089187309239e-01
7.041989785449288775e+01 6.094818470786943498e-01
7.156644076216338135e+01 6.093763960065374796e-01
7.273165113001461179e+01 6.092730089437310426e-01
7.391583289265484780e+01 6.091716403210980513e-01
7.511929493320968731e+01 6.090722457244365229e-01
7.634235116389093889e+01 6.089747818611066510e-01
7.758532060787835860e+01 6.088792065281397603e-01
7.884852748253345567e+01 6.087854785806630087e-01
8.013230128396887153e+01 6.086935579020141818e-01
8.143697687299470545e+01 6.086034053742619410e-01
8.276289456246351506e+01 6.085149828501523750e-01
8.411040020603800826e+01 6.084282531254565640e-01
8.547984528840413532e+01 6.083431799123921735e-01
8.687158701695213381e+01 6.082597278140768893e-01
8.828598841495150396e+01 6.081778622993118111e-01
8.972341841624175629e+01 6.080975496788287860e-01
9.118425196146571921e+01 6.080187570813747611e-01
9.266887009586973534e+01 6.079414524315179813e-01
9.417766006869518947e+01 6.078656044272386927e-01
9.571101543418976121e+01 6.077911825189745709e-01
9.726933615426177937e+01 6.077181568886741436e-01
9.885302870280706600e+01 6.076464984299972949e-01
1.004625061717341339e+02 6.075761787289589710e-01
1.020981883787149229e+02 6.075071700446533773e-01
1.037605019766911738e+02 6.074394452916129783e-01
1.054498805651623314e+02 6.073729780217603791e-01
1.071667648032863269e+02 6.073077424073686226e-01
1.089116025248219017e+02 6.072437132241659263e-01
1.106848488549411940e+02 6.071808658358790467e-01
1.124869663289459965e+02 6.071191761776998375e-01
1.143184250129150286e+02 6.070586207417000280e-01
1.161797026263168675e+02 6.069991765618966140e-01
1.180712846666190359e+02 6.069408211999457459e-01
1.199936645359249638e+02 6.068835327313908401e-01
1.219473436696738275e+02 6.068272897320561299e-01
1.239328316674358348e+02 6.067720712650096493e-01
1.259506464258357710e+02 6.067178568679061357e-01
1.280013142736426914e+02 6.066646265408150995e-01
1.300853701090571803e+02 6.066123607340188073e-01
1.322033575392350144e+02 6.065610403365566672e-01
1.343558290220826166e+02 6.065106466650259653e-01
1.365433460103598406e+02 6.064611614523169880e-01
1.387664790981308442e+02 6.064125668375091038e-01
1.410258081695975250e+02 6.063648453553937001e-01
1.433219225503573853e+02 6.063179799256759317e-01
1.456554211611243943e+02 6.062719538447084444e-01
1.480269126739508465e+02 6.062267507747113315e-01
1.504370156709953505e+02 6.061823547354289188e-01
1.528863588058731011e+02 6.061387500946621154e-01
1.553755809676352442e+02 6.060959215599874828e-01
1.579053314474175806e+02 6.060538541697927384e-01
1.604762701078012697e+02 6.060125332862097425e-01
1.630890675549332514e+02 6.059719445856300846e-01
1.657444053134468334e+02 6.059320740521155768e-01
1.684429760042315252e+02 6.058929079694382880e-01
1.711854835250975384e+02 6.058544329140088669e-01
1.739726432343802571e+02 6.058166357471242991e-01
1.768051821375352972e+02 6.057795036089766993e-01
1.796838390767721023e+02 6.057430239112735482e-01
1.826093649237728016e+02 6.057071843308265979e-01
1.855825227755518938e+02 6.056719728034624106e-01
1.886040881535018627e+02 6.056373775173503615e-01
1.916748492056815110e+02 6.056033869076067333e-01
1.947956069123978580e+02 6.055699896497122037e-01
1.979671752951332735e+02 6.055371746543761757e-01
2.011903816288771338e+02 6.055049310619784464e-01
2.044660666579117674e+02 6.054732482366737001e-01
2.077950848151135119e+02 6.054421157617927429e-01
2.111783044448244482e+02 6.054115234341365115e-01
2.146166080293507434e+02 6.053814612595171951e-01
2.181108924191519804e+02 6.053519194474183962e-01
2.216620690667748477e+02 6.053228884066889082e-01
2.252710642645980386e+02 6.052943587406784953e-01
2.289388193864479035e+02 6.052663212432307649e-01
2.326662911331457906e+02 6.052387668935974574e-01
2.364544517820565943e+02 6.052116868526858928e-01
2.403042894406969481e+02 6.051850724589163955e-01
2.442168083044748244e+02 6.051589152240732794e-01
2.481930289186255152e+02 6.051332068293070465e-01
2.522339884444103859e+02 6.051079391215876679e-01
2.563407409296514743e+02 6.050831041098296836e-01
2.605143575836714263e+02 6.050586939610607118e-01
2.647559270567066392e+02 6.050347009974995638e-01
2.690665557238743304e+02 6.050111176922758904e-01
2.734473679737582756e+02 6.049879366665922298e-01
2.778995065016964645e+02 6.049651506869992978e-01
2.824241326078435463e+02 6.049427526602381144e-01
2.870224265000837818e+02 6.049207356329220353e-01
2.916955876018795948e+02 6.048990927862664124e-01
2.964448348651284846e+02 6.048778174336003621e-01
3.012714070881164048e+02 6.048569030188616358e-01
3.061765632386483276e+02 6.048363431120901135e-01
3.111615827824359712e+02 6.048161314069374628e-01
3.162277660168379612e+02 6.047962617195414836e-01
