1.000000000000000056e-01 1.192658557449765627e-05
1.016281519039399089e-01 1.193738900588283372e-05
1.032828125941028796e-01 1.194837940299961265e-05
1.049644136737964556e-01 1.195955946341051181e-05
1.066733937734857668e-01 1.197093449297719416e-05
1.084101986652060839e-01 1.198250846288591053e-05
1.101752813788387103e-01 1.199428132998846375e-05
1.119691023202794289e-01 1.200625970409056061e-05
1.137921293915315074e-01 1.201844721223138118e-05
1.156448381127535008e-01 1.203084777273408549e-05
1.175277117462945192e-01 1.204346562656540085e-05
1.194412414227488534e-01 1.205630179253614964e-05
1.213859262690628049e-01 1.206936527986008822e-05
1.233622735387276820e-01 1.208265668546718764e-05
1.253707987440920435e-01 1.209618124505197220e-05
1.274120257908286369e-01 1.210994546658460293e-05
1.294864871145904595e-01 1.212395031858204702e-05
1.315947238198915958e-01 1.213820007139188237e-05
1.337372858212496352e-01 1.215270325183001834e-05
1.359147319866258752e-01 1.216746380008060699e-05
1.381276302832009917e-01 1.218248250580745046e-05
1.403765579255240037e-01 1.219776856036912828e-05
1.426621015260737535e-01 1.221332696830278973e-05
1.449848572482712317e-01 1.222916225413334441e-05
1.473454309619835201e-01 1.224527721818035072e-05
1.497444384015595431e-01 1.226168040710434814e-05
1.521825053264387051e-01 1.227837623198749463e-05
1.546602676843745749e-01 1.229536927726851991e-05
1.571783717773162781e-01 1.231266725835882295e-05
1.597374744299904503e-01 1.233027605357215274e-05
1.623382431612278576e-01 1.234819973229509620e-05
1.649813563580800335e-01 1.236644595150470396e-05
1.676675034527700114e-01 1.238502240800684908e-05
1.703973851025248065e-01 1.240393136046292912e-05
1.731717133723354174e-01 1.242318403013707259e-05
1.759912119206924475e-01 1.244278404051526817e-05
1.788566161883461958e-01 1.246273971520857454e-05
1.817686735901392348e-01 1.248305862738772671e-05
1.847281437099634049e-01 1.250374483162092589e-05
1.877357984988900774e-01 1.252480917009673195e-05
1.907924224765266130e-01 1.254626022381028005e-05
1.938988129356512546e-01 1.256810365240005039e-05
1.970557801501799378e-01 1.259034559703835587e-05
2.002641475865187815e-01 1.261299552289435566e-05
2.035247521183577157e-01 1.263606538134004701e-05
2.068384442449618110e-01 1.265955876121251771e-05
2.102060883130158486e-01 1.268348697668248998e-05
2.136285627420818067e-01 1.270785719626942092e-05
2.171067602537265495e-01 1.273267965975807933e-05
2.206415881043798932e-01 1.275796605536603499e-05
2.242339683219846114e-01 1.278372042366498626e-05
2.278848379464990248e-01 1.280995716104871550e-05
2.315951492743153761e-01 1.283668569153173270e-05
2.353658701066576320e-01 1.286391468980080529e-05
2.391979840020239667e-01 1.289165785113100069e-05
2.430924905327388197e-01 1.291992040745290659e-05
2.470504055456825554e-01 1.294872042603315582e-05
2.510727614272659225e-01 1.297806419573969028e-05
2.551606073727185064e-01 1.300796559533133942e-05
2.593150096597620635e-01 1.303843447480778470e-05
2.635370519267394296e-01 1.306948677606659317e-05
2.678278354552717788e-01 1.310113183332957584e-05
2.721884794575178956e-01 1.313338539476999919e-05
2.766201213681106497e-01 1.316625797695711384e-05
2.811239171408463910e-01 1.319976557476635907e-05
2.857010415502055367e-01 1.323392090056007306e-05
2.903526884977814526e-01 1.326873803344202575e-05
2.950800713236989004e-01 1.330423213665239592e-05
2.998844231231029278e-01 1.334042032110568062e-05
3.047669970678009710e-01 1.337731359200140352e-05
3.097290667331408232e-01 1.341493177599471213e-05
3.147719264302118458e-01 1.345329017452451641e-05
3.198968915434537985e-01 1.349240501035914700e-05
3.251052988737631044e-01 1.353229562358932055e-05
3.303985069871858138e-01 1.357297795574020947e-05
3.357778965692868045e-01 1.361447110998798258e-05
3.412448707852890339e-01 1.365679345792831395e-05
3.468008556460770997e-01 1.369996295320050275e-05
3.524473003801585902e-01 1.374400439167325268e-05
3.581856778116830342e-01 1.378893149677250689e-05
3.640174847446140394e-01 1.383476987861538583e-05
3.699442423531576485e-01 1.388154132965511930e-05
3.759674965785467782e-01 1.392926651440457180e-05
3.820888185322856012e-01 1.397797001875386369e-05
3.883098049059606205e-01 1.402767281961011798e-05
3.946320783877223515e-01 1.407840193102987070e-05
4.010572880855498012e-01 1.413017905182524490e-05
4.075871099574044365e-01 1.418303521595185490e-05
4.142232472483896033e-01 1.423699354709238060e-05
4.209674309350260879e-01 1.429208078574028477e-05
4.278214201767616132e-01 1.434832758679360066e-05
4.347870027748324540e-01 1.440576140715199209e-05
4.418659956385941334e-01 1.446441352915499793e-05
4.490602452594470440e-01 1.452431639660557072e-05
4.563716281924760088e-01 1.458549607997875866e-05
4.638020515459334581e-01 1.464799135976308677e-05
4.713534534786909536e-01 1.471183467406124356e-05
4.790278037057907889e-01 1.477706043042756293e-05
4.868271040122282844e-01 1.484370499621790662e-05
4.947533887750988901e-01 1.491180666236086730e-05
5.028087254942480433e-01 1.498140391837787523e-05
5.109952153315585610e-01 1.505253468415990237e-05
5.193149936590213400e-01 1.512524138104797565e-05
5.277702306157261436e-01 1.519956849231909994e-05
5.363631316739242427e-01 1.527555653761647323e-05
5.450959382143050203e-01 1.535325619803560562e-05
5.539709281106403038e-01 1.543270970260506814e-05
5.629904163239474180e-01 1.551396755813742631e-05
5.721567555063250543e-01 1.559707989919614589e-05
5.814723366146222761e-01 1.568209686478594050e-05
5.909395895340970872e-01 1.576907645410218167e-05
6.005609837122313222e-01 1.585807099516016268e-05
6.103390288028622823e-01 1.594914059188126226e-05
6.202762753208044266e-01 1.604234370673317611e-05
6.303753153071278703e-01 1.613774237708006195e-05
6.406387830052679977e-01 1.623539876013335197e-05
6.510693555481459338e-01 1.633538403630989592e-05
6.616697536564724036e-01 1.643776328180926341e-05
6.724427423484249378e-01 1.654260900770532770e-05
6.833911316608766162e-01 1.664999543208057421e-05
6.945177773823696388e-01 1.675999941161345104e-05
7.058255817980220170e-01 1.687269929124590162e-05
7.173174944465614544e-01 1.698817959926166504e-05
7.289965128896873647e-01 1.710652429704416003e-05
7.408656834939564284e-01 1.722782287868204006e-05
7.529281022254008526e-01 1.735216914006426178e-05
7.651869154570823950e-01 1.747965651913984349e-05
7.776453207897960906e-01 1.761038625585254098e-05
7.903065678861348475e-01 1.774446272655883655e-05
8.031739593181350667e-01 1.788199063330452726e-05
8.162508514287230010e-01 1.802308424687747287e-05
8.295406552071855621e-01 1.816785900636819749e-05
8.430468371788971682e-01 1.831643582198947499e-05
8.567729203095305612e-01 1.846893866702356793e-05
8.707224849239919573e-01 1.862550292199414195e-05
8.848991696403147866e-01 1.878626001135201410e-05
8.993066723187622680e-01 1.895135344880116024e-05
9.139487510263788472e-01 1.912093076218175099e-05
9.288292250172499598e-01 1.929514526259813422e-05
9.439519757287188062e-01 1.947415703611805378e-05
9.593209477938243745e-01 1.965813184462543111e-05
9.749401500702241652e-01 1.984724376927586779e-05
9.908136566858670724e-01 2.004167447173395335e-05
1.006945608101694756e+00 2.024161050722001213e-05
1.023340212191642173e+00 2.044725126541497459e-05
1.040001745340223271e+00 2.065879946049807448e-05
1.056934553557988377e+00 2.087647132855530814e-05
1.074143053615141508e+00 2.110048857331847484e-05
1.091631734193614811e+00 2.133108304915768579e-05
1.109405157057900881e+00 2.156850075920348288e-05
1.127467958244946722e+00 2.181299302657876586e-05
1.145824849273424206e+00 2.206482728533140655e-05
1.164480618372686127e+00 2.232427972623987741e-05
1.183440131731732237e+00 2.259163850487154836e-05
1.202708334768511911e+00 2.286720896881490469e-05
1.222290253419889616e+00 2.315130216299753012e-05
1.242190995452617353e+00 2.344425331814420271e-05
1.262415751795649355e+00 2.374640852829698902e-05
1.282969797894148112e+00 2.405812781283555034e-05
1.303858495085535862e+00 2.437978805137669915e-05
1.325087291997953276e+00 2.471178527394876301e-05
1.346661725971483703e+00 2.505453485681213076e-05
1.368587424502518468e+00 2.540847044860136827e-05
1.390870106711639131e+00 2.577404607161882787e-05
1.413515584835395744e+00 2.615173861295832941e-05
1.436529765742380560e+00 2.654204167046947469e-05
1.459918652473978673e+00 2.694548285329178436e-05
1.483688345810208364e+00 2.736260586882357276e-05
1.507845045861051725e+00 2.779398546407269659e-05
1.532395053683702102e+00 2.824021962783521302e-05
1.557344772926134269e+00 2.870194345214558895e-05
1.582700711497439849e+00 2.917981436998079263e-05
1.608469483265356770e+00 2.967452566261147599e-05
1.634657809781434157e+00 3.018680755210472445e-05
1.661272522034292987e+00 3.071742192399068384e-05
1.688320562231424793e+00 3.126717123569129343e-05
1.715808985610004722e+00 3.183689377120842899e-05
1.743744962277187005e+00 3.242747521743819488e-05
1.772135779080359352e+00 3.303984410342292822e-05
1.800988841507856542e+00 3.367497203155855233e-05
1.830311675620612144e+00 3.433388485183513239e-05
1.860111930015264425e+00 3.501765936306094342e-05
1.890397377819221347e+00 3.572742491871182138e-05
1.921175918718215359e+00 3.646437082325314845e-05
1.952455581016860897e+00 3.722974532977410078e-05
1.984244523732767940e+00 3.802486323657597138e-05
2.016551038724747613e+00 3.885110795799508724e-05
2.049383552855664536e+00 3.970993170268683267e-05
2.082750630190515206e+00 4.060286616101782331e-05
2.116660974230282655e+00 4.153151884660349099e-05
2.151123430182167340e+00 4.249758529287334086e-05
2.186146987266775810e+00 4.350284787220010015e-05
2.221740781062884640e+00 4.454918401017688389e-05
2.257914095890369399e+00 4.563857289475469251e-05
2.294676367231936354e+00 4.677309323190060100e-05
2.332037184194283075e+00 4.795494111099913041e-05
2.370006292009329218e+00 4.918642491661275962e-05
2.408593594576174723e+00 5.046997846144071645e-05
2.447809157044441353e+00 5.180817314522893105e-05
2.487663208439677476e+00 5.320370311622677281e-05
2.528166144331500664e+00 5.465942497202024074e-05
2.569328529545197970e+00 5.617834000539906244e-05
2.611161100917459343e+00 5.776362129089460178e-05
2.653674770096985380e+00 5.941860728116551895e-05
2.696880626390694147e+00 6.114681952353327775e-05
2.740789939656260721e+00 6.295198086128864895e-05
2.785414163241767493e+00 6.483800961240857106e-05
2.830764936973200196e+00 6.680904718642289057e-05
2.876854090190594349e+00 6.886945802996267952e-05
2.923693644833605720e+00 7.102385266578022745e-05
2.971295818577333936e+00 7.327709568574694717e-05
3.019673028019187910e+00 7.563432747028671485e-05
3.068837891917642224e+00 7.810096637670046473e-05
3.118803234483730424e+00 8.068274305000840184e-05
3.169582088726116798e+00 8.338570286141327873e-05
3.221187699850649455e+00 8.621623883736655332e-05
3.273633528715246044e+00 8.918109524857444797e-05
3.326933255341038453e+00 9.228740137693164304e-05
3.381100782480685574e+00 9.554268864219741218e-05
3.436150239244772031e+00 9.895492261274743250e-05
3.492095984787271234e+00 1.025325089652329830e-04
3.548952612050994659e+00 1.062843398543665058e-04
3.606734951574029679e+00 1.102198114783490716e-04
3.665458075358148715e+00 1.143488623067587500e-04
3.725137300800211548e+00 1.186819937677335607e-04
3.785788194687565777e+00 1.232303059794819563e-04
3.847426577258503677e+00 1.280055481687726268e-04
3.910068526328830174e+00 1.330201370177084284e-04
3.973730381485608198e+00 1.382872112838241080e-04
4.038428748349204511e+00 1.438206557007486229e-04
4.104180502904709371e+00 1.496351705239263999e-04
4.171002795903884675e+00 1.557463012893089407e-04
4.238913057338780987e+00 1.621705001914184501e-04
4.307929000988199419e+00 1.689251644115541135e-04
4.378068629038168957e+00 1.760287179653369520e-04
4.449350236777649847e+00 1.835006412103327566e-04
4.521792417370702033e+00 1.913615608128842768e-04
4.595414066706333678e+00 1.996333026507103516e-04
4.670234388327335395e+00 2.083389701183798034e-04
4.746272898439343635e+00 2.175030267211323540e-04
4.823549431001467269e+00 2.271513492058519867e-04
4.902084142899802544e+00 2.373113515324209890e-04
4.981897519205162439e+00 2.480120448502721878e-04
5.063010378516436205e+00 2.592841468304553799e-04
5.145443878390927317e+00 2.711601905016150244e-04
5.229219520863111370e+00 2.836746087208841184e-04
5.314359158053241217e+00 2.968638726451224702e-04
5.400884997867290593e+00 3.107665996709784275e-04
5.488819609789671539e+00 3.254236892702184070e-04
5.578185930770288792e+00 3.408784420279733314e-04
5.669007271207436638e+00 3.571767313331842891e-04
5.761307321028092510e+00 3.743671359849389283e-04
5.855110155867240707e+00 3.925010987627350388e-04
5.950440243347772551e+00 4.116331156728785640e-04
6.047322449462648741e+00 4.318208904456653590e-04
6.145782045060960819e+00 4.531255590567212412e-04
6.245844712439617474e+00 4.756118595542886641e-04
6.347536552042333469e+00 4.993483684619716987e-04
6.450884089267693078e+00 5.244077172498144007e-04
6.555914281388064424e+00 5.508668351216985818e-04
6.662654524581152593e+00 5.788072052263584528e-04
6.771132661076059378e+00 6.083151196789100172e-04
6.881376986415666863e+00 6.394819851880138633e-04
6.993416256837279299e+00 6.724046050634873047e-04
7.107279696773418642e+00 7.071854951288371674e-04
7.222997006474770387e+00 7.439332270864542490e-04
7.340598369757211472e+00 7.827627748666947860e-04
7.460114461874995939e+00 8.237958829439411554e-04
7.581576457522114509e+00 8.671614751152717515e-04
7.705016038963920622e+00 9.129960459129480427e-04
7.830465404301186538e+00 9.614441036303528806e-04
7.957957275868672298e+00 1.012658640298045535e-03
8.087524908770456378e+00 1.066801599470691437e-03
8.219202099554218321e+00 1.124044388618977534e-03
8.353023195026779035e+00 1.184568422214881105e-03
8.489023101213149403e+00 1.248565682019293563e-03
8.627237292461449769e+00 1.316239287088446846e-03
8.767701820696080617e+00 1.387804148219789384e-03
8.910453324821517640e+00 1.463487576718855258e-03
9.055529040279276742e+00 1.543530002997272775e-03
9.202966808760415063e+00 1.628185663008056318e-03
9.352805088076205919e+00 1.717723344198877726e-03
9.505082962189511875e+00 1.812427189375262785e-03
9.659840151409468945e+00 1.912597479136363436e-03
9.817117022752192668e+00 2.018551481620267044e-03
9.976954600470142154e+00 2.130624350807613660e-03
1.013939457675291678e+01 2.249170024255041540e-03
1.030447932260230459e+01 2.374562185696670047e-03
1.047225189888435359e+01 2.507195224054801878e-03
1.064275606756141812e+01 2.647485285286053664e-03
1.081603630310710429e+01 2.795871293451827628e-03
1.099213780410696906e+01 2.952816034762952100e-03
1.117110650504824143e+01 3.118807262519811361e-03
1.135298908830134579e+01 3.294358854105455901e-03
1.153783299629660775e+01 3.480011921999135328e-03
1.172568644389922454e+01 3.676336036047780746e-03
1.191659843098558724e+01 3.883930375581970320e-03
1.211061875522455900e+01 4.103424956859752504e-03
1.230779802506665810e+01 4.335481809737979329e-03
1.250818767294485312e+01 4.580796205630789132e-03
1.271183996869028832e+01 4.840097804879840530e-03
1.291880803316630733e+01 5.114151850558393622e-03
1.312914585212465290e+01 5.403760291928121941e-03
1.334290829028707570e+01 5.709762849526844007e-03
1.356015110565633286e+01 6.033038059940601210e-03
1.378093096406021267e+01 6.374504228338938490e-03
1.400530545393219661e+01 6.735120255283120853e-03
1.423333310133300067e+01 7.115886392978984509e-03
1.446507338521647057e+01 7.517844868637275912e-03
1.470058675294417050e+01 7.942080311666294135e-03
1.493993463605257688e+01 8.389720016562069241e-03
1.518317946627685266e+01 8.861934016365069153e-03
1.543038469183564487e+01 9.359934869264070756e-03
1.568161479398102820e+01 9.884977203136658189e-03
1.593693530381774437e+01 1.043835692481496873e-02
1.619641281939653510e+01 1.102141009250462954e-02
1.646011502308551400e+01 1.163551138498708504e-02
1.672811069922457250e+01 1.228207215493759552e-02
1.700046975206718258e+01 1.296253802849137854e-02
1.727726322401418102e+01 1.367838590215990011e-02
1.755856331414468841e+01 1.443112048278269097e-02
1.784444339704844040e+01 1.522227010994565977e-02
1.813497804196495267e+01 1.605338205697076984e-02
1.843024303223430138e+01 1.692601697067386279e-02
1.873031538506436533e+01 1.784174269763510665e-02
1.903527337162024935e+01 1.880212730798970847e-02
1.934519653744046153e+01 1.980873124376893862e-02
1.966016572318570610e+01 2.086309874796507535e-02
1.998026308572550747e+01 2.196674832696430060e-02
2.030557211956794106e+01 2.312116242242844705e-02
2.063617767863858532e+01 2.432777620661106741e-02
2.097216599841377516e+01 2.558796552930952747e-02
2.131362471841437767e+01 2.690303408504181662e-02
2.166064290506585976e+01 2.827419978023486269e-02
2.201331107493032491e+01 2.970258044991241214e-02
2.237172121831700622e+01 3.118917890189139286e-02
2.273596682327717389e+01 3.273486764288616874e-02
2.310614289998949644e+01 3.434037298391538762e-02
2.348234600554276241e+01 3.600625921232733506e-02
2.386467426912177814e+01 3.773291258198639003e-02
2.425322741760352940e+01 3.952052551455335211e-02
2.464810680157012968e+01 4.136908132190090376e-02
2.504941542174502445e+01 4.327833941381423188e-02
2.545725795585999762e+01 4.524782160061846525e-02
2.587174078595923987e+01 4.727679946840595421e-02
2.629297202614822027e+01 4.936428332058863389e-02
2.672106155079435297e+01 5.150901282642634388e-02
2.715612102318655374e+01 5.370944973532502942e-02
2.759826392466180423e+01 5.596377289647332109e-02
2.804760558420556293e+01 5.826987585866071767e-02
2.850426320853434703e+01 6.062536721000972434e-02
2.896835591266815513e+01 6.302757388994308096e-02
2.944000475100033754e+01 6.547354762375322268e-02
2.991933274887376371e+01 6.796007448855841127e-02
3.040646493467068723e+01 7.048368780232701358e-02
3.090152837242533224e+01 7.304068402291104267e-02
3.140465219496752169e+01 7.562714192270032776e-02
3.191596763760560762e+01 7.823894459276393987e-02
3.243560807235811438e+01 8.087180418377405700e-02
3.296370904274271396e+01 8.352128900049585192e-02
3.350040829913132967e+01 8.618285276348430779e-02
3.404584583468129466e+01 8.885186544540728260e-02
3.460016392185112011e+01 9.152364537655828525e-02
3.516350714951105516e+01 9.419349216084618726e-02
3.573602246065788535e+01 9.685671972756153270e-02
3.631785919074346225e+01 9.950868927616415838e-02
3.690916910662778605e+01 1.021448414993959969e-01
3.751010644616576428e+01 1.047607275457080739e-01
3.812082795843888050e+01 1.073520384112811726e-01
3.874149294464187676e+01 1.099146322946367299e-01
3.937226329963479543e+01 1.124445595717277757e-01
4.001330355417205453e+01 1.149380850783321695e-01
4.066478091781858240e+01 1.173917075259336557e-01
4.132686532256501266e+01 1.198021758002258408e-01
4.199972946715305966e+01 1.221665021437781523e-01
4.268354886212215149e+01 1.244819720642811878e-01
4.337850187558989035e+01 1.267461511109532479e-01
4.408476977977793609e+01 1.289568885709564405e-01
4.480253679829489499e+01 1.311123181243504798e-01
4.553199015418973516e+01 1.332108557872362375e-01
4.627332011878693407e+01 1.352511952769952785e-01
4.702672006131714966e+01 1.372323009978980990e-01
4.779238649935599881e+01 1.391533990195296389e-01
4.857051915008356247e+01 1.410139662678600858e-01
4.936132098237916921e+01 1.428137181989267424e-01
5.016499826976369292e+01 1.445525952303796657e-01
5.098176064420424325e+01 1.462307482566813643e-01
5.181182115079496953e+01 1.478485234760192890e-01
5.265539630332755650e+01 1.494064467744666558e-01
5.351270614076731391e+01 1.509052078833253152e-01
5.438397428464801209e+01 1.523456445353078004e-01
5.526942799740167800e+01 1.537287268201129875e-01
5.616929824163809570e+01 1.550555418244623507e-01
5.708381974038898221e+01 1.563272787976880129e-01
5.801323103833378525e+01 1.575452148535756991e-01
5.895777456402150563e+01 1.587107013696731350e-01
5.991769669310618696e+01 1.598251511249036694e-01
6.089324781261196762e+01 1.608900262302191131e-01
6.188468238624388817e+01 1.619068268870918481e-01
6.289225902076265839e+01 1.628770809778584683e-01
6.391624053344005318e+01 1.638023345437357725e-01
6.495689402061204021e+01 1.646841430683780305e-01
6.601449092734890201e+01 1.655240636201601445e-01
6.708930711825880167e+01 1.663236477637346500e-01
6.818162294944478674e+01 1.670844352918521292e-01
6.929172334163334313e+01 1.678079486393569408e-01
7.041989785449288775e+01 1.684956880411073166e-01
7.156644076216338135e+01 1.691491273117531613e-01
7.273165113001461179e+01 1.697697102610120912e-01
7.391583289265484780e+01 1.703588476356279191e-01
7.511929493320968731e+01 1.709179146363655755e-01
7.634235116389093889e+01 1.714482488674789473e-01
7.758532060787835860e+01 1.719511487326898236e-01
7.884852748253345567e+01 1.724278722308273393e-01
8.013230128396887153e+01 1.728796361004476811e-01
8.143697687299470545e+01 1.733076152746793053e-01
8.276289456246351506e+01 1.737129426188579184e-01
8.411040020603800826e+01 1.740967089195931405e-01
8.547984528840413532e+01 1.744599630818680913e-01
8.687158701695213381e+01 1.748037125195832930e-01
8.828598841495150396e+01 1.751289237084423800e-01
8.972341841624175629e+01 1.754365228738143379e-01
9.118425196146571921e+01 1.757273967934009362e-01
9.266887009586973534e+01 1.760023936986944149e-01
9.417766006869518947e+01 1.762623242581409788e-01
9.571101543418976121e+01 1.765079626182591011e-01
9.726933615426177937e+01 1.767400474924130660e-01
9.885302870280706600e+01 1.769592832927768811e-01
1.004625061717341339e+02 1.771663412820835282e-01
1.020981883787149229e+02 1.773618607391741764e-01
1.037605019766911738e+02 1.775464501364575620e-01
1.054498805651623314e+02 1.777206883115632075e-01
1.071667648032863269e+02 1.778851256347310783e-01
1.089116025248219017e+02 1.780402851638387407e-01
1.106848488549411940e+02 1.781866637826528821e-01
1.124869663289459965e+02 1.783247333120175637e-01
1.143184250129150286e+02 1.784549416031147029e-01
1.161797026263168675e+02 1.785777136080426153e-01
1.180712846666190359e+02 1.786934524067993191e-01
1.199936645359249638e+02 1.788025402195078384e-01
1.219473436696738275e+02 1.789053393754596599e-01
1.239328316674358348e+02 1.790021932557467332e-01
1.259506464258357710e+02 1.790934272008379569e-01
1.280013142736426914e+02 1.791793493852030794e-01
1.300853701090571803e+02 1.792602516564659465e-01
1.322033575392350144e+02 1.793364103443594038e-01
1.343558290220826166e+02 1.794080870356654644e-01
1.365433460103598406e+02 1.794755293136304775e-01
1.387664790981308442e+02 1.795389714707743556e-01
1.410258081695975250e+02 1.795986351875410725e-01
1.433219225503573853e+02 1.796547301788092577e-01
1.456554211611243943e+02 1.797074548169460551e-01
1.480269126739508465e+02 1.797569967165974503e-01
1.504370156709953505e+02 1.798035333007552694e-01
1.528863588058731011e+02 1.798472323370344239e-01
1.553755809676352442e+02 1.798882524450815812e-01
1.579053314474175806e+02 1.799267435831323203e-01
1.604762701078012697e+02 1.799628475077537371e-01
1.630890675549332514e+02 1.799966982135042803e-01
1.657444053134468334e+02 1.800284223469601763e-01
1.684429760042315252e+02 1.800581396035773607e-01
1.711854835250975384e+02 1.800859631002058869e-01
1.739726432343802571e+02 1.801119997319418631e-01
1.768051821375352972e+02 1.801363505090977646e-01
1.796838390767721023e+02 1.801591108753141657e-01
1.826093649237728016e+02 1.801803710128905001e-01
1.855825227755518938e+02 1.802002161259242952e-01
1.886040881535018627e+02 1.802187267154115868e-01
1.916748492056815110e+02 1.802359788339762126e-01
1.947956069123978580e+02 1.802520443304532205e-01
1.979671752951332735e+02 1.802669910803571807e-01
2.011903816288771338e+02 1.802808832017672169e-01
2.044660666579117674e+02 1.802937812665300898e-01
2.077950848151135119e+02 1.803057424893922678e-01
2.111783044448244482e+02 1.803168209159804747e-01
2.146166080293507434e+02 1.803270675980987170e-01
2.181108924191519804e+02 1.803365307551908492e-01
2.216620690667748477e+02 1.803452559340269212e-01
2.252710642645980386e+02 1.803532861541300714e-01
2.289388193864479035e+02 1.803606620474955125e-01
2.326662911331457906e+02 1.803674219905267717e-01
2.364544517820565943e+02 1.803736022286951124e-01
2.403042894406969481e+02 1.803792369940710461e-01
2.442168083044748244e+02 1.803843586161925638e-01
2.481930289186255152e+02 1.803889976272534945e-01
2.522339884444103859e+02 1.803931828612530819e-01
2.563407409296514743e+02 1.803969415492409911e-01
2.605143575836714263e+02 1.804002994057369025e-01
2.647559270567066392e+02 1.804032807126079441e-01
2.690665557238743304e+02 1.804059084005197044e-01
2.734473679737582756e+02 1.804082041202740294e-01
2.778995065016964645e+02 1.804101883165641351e-01
2.824241326078435463e+02 1.804118802922385634e-01
2.870224265000837818e+02 1.804132982717523426e-01
2.916955876018795948e+02 1.804144594622502928e-01
2.964448348651284846e+02 1.804153801076113783e-01
3.012714070881164048e+02 1.804160755420858020e-01
3.061765632386483276e+02 1.804165602413607128e-01
3.111615827824359712e+02 1.804168478694807565e-01
3.162277660168379612e+02 1.804169513223175814e-01
